1100000
1100000
1099998
1099998
1099996
1099996
1099994
1099992
1099990
1099990
1098888
1098888
1097777
1097777
1096666
1096666
1095555
1095555
1094444
1093333
1093333
1092222
1092222
1091111
1091111
1089999
1089999
1088888
1088888
1088886
1088886
1088884
1088882
1088882
1088880
1088880
1087777
1087777
1086666
1086666
1085555
1085555
1084444
1083333
1083333
1082222
1082222
1081111
1081111
1079999
1079999
1078888
1078888
1077778
1077778
1077776
1077774
1077772
1077770
1077770
1076666
1076666
1075555
1075555
1074444
1073333
1073333
1072222
1072222
1071111
1071111
1069999
1069999
1068888
1068888
1067777
1067777
1066668
1066668
1066666
1066666
1066664
1066662
1066660
1066660
1065555
1065555
1064444
1064444
1063333
1063333
1062222
1062222
1061111
1061111
1059999
1059999
1058888
1058888
1057777
1057777
1056666
1056666
1055558
1055558
1055556
1055556
1055554
1055552
1055552
1055550
1055550
1054444
1054444
1053333
1053333
1052222
1052222
1051111
1051111
1049999
1049999
1048888
1048888
1047777
1047777
1046666
1046666
1045555
1044448
1044448
1044446
1044444
1044444
1044442
1044440
1043333
1043333
1042222
1042222
1041111
1041111
1039999
1039999
1038888
1038888
1037777
1037777
1036666
1036666
1035555
1035555
1034444
1034444
1033338
1033338
1033336
1033336
1033334
1033332
1033332
1033330
1033330
1032266
1032255
1032255
1032244
1032233
1032222
1032222
1032211
1032211
1032200
1032200
1031199
1031199
1031188
1031188
1031177
1031177
1031166
1031166
1031155
1031155
1031144
1031133
1031133
1031122
1031111
1031111
1031100
1031100
1030099
1030099
1030088
1030088
1030077
1030066
1030066
1030055
1030044
1030033
1030033
1030022
1030011
1030011
1030000
1030000
1029999
1029999
1029988
1029988
1029977
1029977
1029966
1029966
1029955
1029944
1029933
1029922
1029911
1029900
1028899
1028899
1028888
1028888
1028877
1028877
1028866
1028866
1028855
1028844
1028833
1028822
1028822
1028811
1028800
1028800
1027799
1027788
1027788
1027777
1027777
1027766
1027755
1027744
1027733
1027722
1027711
1027700
1026699
1026688
1026688
1026677
1026666
1026666
1026655
1026644
1026633
1026622
1026611
1026600
1025599
1025588
1025577
1025566
1025555
1025555
1025544
1025533
1025522
1025511
1025500
1024499
1024488
1024477
1024466
1024455
1024444
1024444
1024433
1024422
1024411
1024400
1023399
1023388
1023377
1023366
1023355
1023344
1023333
1023333
1023322
1023322
1023311
1023300
1022998
1022996
1022994
1022992
1022990
1022888
1022888
1022886
1022884
1022882
1022880
1022778
1022776
1022774
1022772
1022770
1022668
1022666
1022666
1022664
1022662
1022660
1022558
1022556
1022554
1022552
1022550
1022448
1022446
1022444
1022442
1022440
1022338
1022336
1022334
1022334
1022332
1022330
1022299
1022288
1022288
1022277
1022266
1022266
1022255
1022244
1022233
1022229
1022228
1022228
1022226
1022226
1022225
1022224
1022224
1022222
1022222
1022221
1022220
1022220
1022211
1022200
1022200
1022118
1022116
1022114
1022112
1022112
1022110
1022008
1022006
1022004
1022002
1022002
1022000
1022000
1021199
1021188
1021177
1021166
1021155
1021144
1021133
1021122
1021122
1021111
1021111
1021100
1021100
1020099
1020088
1020077
1020066
1020055
1020044
1020033
1020022
1020022
1020011
1020011
1020000
1020000
1019999
1019999
1019988
1019988
1019977
1019977
1019966
1019955
1019944
1019933
1019922
1019911
1019900
1018899
1018899
1018888
1018888
1018877
1018866
1018866
1018855
1018844
1018833
1018833
1018822
1018811
1018800
1018800
1017799
1017788
1017777
1017777
1017766
1017755
1017744
1017733
1017722
1017711
1017700
1016699
1016699
1016688
1016688
1016677
1016666
1016666
1016655
1016644
1016633
1016622
1016611
1016600
1015599
1015588
1015577
1015566
1015566
1015555
1015555
1015544
1015533
1015522
1015511
1015500
1014499
1014488
1014477
1014466
1014455
1014444
1014444
1014433
1014422
1014411
1014400
1013399
1013388
1013377
1013366
1013355
1013344
1013344
1013333
1013333
1013322
1013311
1013300
1013300
1012299
1012288
1012277
1012266
1012255
1012244
1012233
1012222
1012222
1012211
1012200
1011998
1011996
1011994
1011992
1011990
1011888
1011888
1011886
1011884
1011882
1011880
1011778
1011776
1011774
1011772
1011770
1011668
1011666
1011666
1011664
1011664
1011662
1011660
1011558
1011556
1011554
1011552
1011550
1011448
1011446
1011444
1011442
1011440
1011338
1011336
1011334
1011332
1011330
1011228
1011226
1011224
1011222
1011220
1011199
1011199
1011188
1011188
1011177
1011166
1011166
1011155
1011144
1011133
1011122
1011122
1011119
1011118
1011118
1011116
1011116
1011115
1011114
1011114
1011112
1011112
1011111
1011111
1011110
1011110
1011100
1011100
1011008
1011006
1011004
1011002
1011000
1011000
1010099
1010099
1010088
1010088
1010077
1010077
1010066
1010066
1010055
1010044
1010033
1010033
1010022
1010011
1010011
1009999
1009999
1009998
1009998
1009996
1009994
1009992
1009990
1009988
1009988
1009986
1009984
1009982
1009980
1009978
1009976
1009974
1009972
1009970
1009968
1009966
1009966
1009964
1009962
1009960
1009958
1009956
1009954
1009952
1009950
1009948
1009946
1009944
1009942
1009940
1009938
1009936
1009934
1009932
1009930
1009928
1009926
1009924
1009924
1009922
1009920
1009918
1009916
1009914
1009912
1009910
1009908
1009906
1009904
1009902
1009900
1009900
1008899
1008899
1008897
1008895
1008893
1008891
1008889
1008889
1008888
1008888
1008886
1008886
1008884
1008882
1008880
1008880
1008878
1008876
1008874
1008872
1008870
1008868
1008868
1008866
1008866
1008864
1008862
1008860
1008858
1008856
1008854
1008852
1008850
1008848
1008848
1008846
1008844
1008842
1008840
1008838
1008836
1008834
1008832
1008830
1008828
1008828
1008826
1008824
1008822
1008820
1008818
1008818
1008816
1008814
1008812
1008810
1008808
1008808
1008806
1008804
1008802
1008800
1008800
1007799
1007797
1007795
1007793
1007791
1007789
1007787
1007785
1007783
1007781
1007779
1007777
1007777
1007776
1007774
1007772
1007770
1007768
1007766
1007766
1007764
1007762
1007762
1007760
1007758
1007756
1007754
1007752
1007750
1007748
1007746
1007744
1007742
1007740
1007738
1007736
1007734
1007732
1007730
1007728
1007726
1007724
1007722
1007720
1007718
1007716
1007714
1007714
1007712
1007710
1007708
1007706
1007704
1007702
1007700
1007700
1006699
1006699
1006697
1006695
1006693
1006691
1006689
1006687
1006685
1006683
1006681
1006679
1006677
1006677
1006675
1006673
1006671
1006669
1006669
1006667
1006667
1006666
1006666
1006664
1006662
1006660
1006660
1006658
1006658
1006656
1006654
1006652
1006650
1006648
1006646
1006644
1006642
1006640
1006638
1006636
1006634
1006632
1006630
1006628
1006626
1006624
1006622
1006620
1006618
1006616
1006616
1006614
1006612
1006610
1006608
1006606
1006604
1006602
1006602
1006600
1006600
1005599
1005597
1005595
1005593
1005593
1005591
1005589
1005587
1005585
1005583
1005581
1005579
1005577
1005575
1005573
1005571
1005569
1005567
1005565
1005563
1005561
1005559
1005557
1005555
1005555
1005554
1005552
1005550
1005548
1005546
1005544
1005542
1005540
1005538
1005536
1005534
1005532
1005530
1005528
1005526
1005524
1005522
1005520
1005520
1005518
1005516
1005514
1005512
1005510
1005508
1005506
1005504
1005502
1005500
1005500
1004499
1004497
1004495
1004493
1004491
1004489
1004487
1004485
1004483
1004481
1004479
1004477
1004475
1004473
1004471
1004469
1004467
1004465
1004463
1004461
1004459
1004457
1004455
1004455
1004453
1004451
1004449
1004447
1004445
1004444
1004444
1004442
1004440
1004438
1004436
1004434
1004432
1004430
1004428
1004426
1004424
1004422
1004420
1004418
1004416
1004414
1004412
1004410
1004408
1004406
1004404
1004402
1004400
1004400
1003399
1003399
1003397
1003395
1003393
1003391
1003389
1003387
1003385
1003383
1003381
1003379
1003377
1003375
1003373
1003371
1003369
1003367
1003365
1003363
1003361
1003359
1003357
1003355
1003355
1003353
1003351
1003349
1003347
1003345
1003343
1003341
1003339
1003339
1003337
1003335
1003333
1003333
1003332
1003330
1003328
1003326
1003324
1003322
1003320
1003318
1003316
1003314
1003312
1003310
1003308
1003306
1003304
1003302
1003300
1003300
1002299
1002299
1002297
1002295
1002293
1002291
1002289
1002287
1002285
1002283
1002281
1002279
1002277
1002275
1002273
1002271
1002269
1002267
1002265
1002263
1002261
1002259
1002257
1002255
1002253
1002251
1002249
1002247
1002245
1002243
1002241
1002239
1002237
1002235
1002233
1002233
1002231
1002229
1002229
1002227
1002225
1002223
1002222
1002222
1002220
1002218
1002216
1002214
1002212
1002212
1002210
1002210
1002208
1002206
1002204
1002202
1002200
1002200
1001199
1001199
1001197
1001195
1001193
1001191
1001189
1001187
1001185
1001183
1001181
1001179
1001177
1001177
1001175
1001173
1001173
1001171
1001169
1001167
1001165
1001163
1001161
1001159
1001157
1001155
1001155
1001153
1001151
1001151
1001149
1001147
1001145
1001143
1001141
1001139
1001139
1001137
1001135
1001133
1001133
1001131
1001129
1001127
1001125
1001123
1001121
1001119
1001119
1001117
1001115
1001113
1001111
1001111
1001110
1001110
1001108
1001106
1001104
1001102
1001102
1001100
1001100
1000998
1000998
1000996
1000996
1000994
1000994
1000992
1000990
1000888
1000888
1000886
1000886
1000884
1000882
1000880
1000880
1000778
1000776
1000776
1000774
1000772
1000772
1000770
1000770
1000668
1000668
1000666
1000666
1000664
1000664
1000662
1000662
1000660
1000660
1000558
1000558
1000556
1000556
1000554
1000552
1000552
1000550
1000550
1000448
1000446
1000444
1000444
1000442
1000440
1000440
1000338
1000338
1000336
1000336
1000334
1000332
1000332
1000330
1000330
1000228
1000228
1000226
1000226
1000224
1000224
1000222
1000222
1000220
1000220
1000118
1000118
1000116
1000116
1000114
1000114
1000112
1000112
1000110
1000110
1000098
1000098
1000097
1000097
1000096
1000096
1000094
1000094
1000093
1000093
1000092
1000092
1000090
1000090
1000089
1000089
1000088
1000088
1000086
1000086
1000085
1000085
1000084
1000084
1000082
1000082
1000081
1000081
1000080
1000080
1000078
1000078
1000077
1000077
1000076
1000076
1000074
1000074
1000073
1000073
1000072
1000072
1000070
1000070
1000069
1000069
1000068
1000068
1000066
1000066
1000065
1000065
1000064
1000064
1000062
1000062
1000061
1000061
1000060
1000060
1000058
1000058
1000057
1000057
1000056
1000056
1000054
1000054
1000053
1000053
1000052
1000052
1000050
1000050
1000049
1000049
1000048
1000048
1000046
1000046
1000045
1000045
1000044
1000044
1000042
1000042
1000041
1000041
1000040
1000040
1000038
1000038
1000037
1000037
1000036
1000036
1000034
1000034
1000033
1000033
1000032
1000032
1000030
1000030
1000029
1000029
1000028
1000028
1000026
1000026
1000025
1000025
1000024
1000024
1000022
1000022
1000021
1000021
1000020
1000020
1000018
1000018
1000017
1000017
1000016
1000016
1000014
1000014
1000013
1000013
1000012
1000012
1000010
1000010
1000009
1000009
1000008
1000008
1000006
1000006
1000005
1000005
1000004
1000004
1000002
1000002
1000001
1000001
1000000
1000000

